Frequency (Hz)	Amplitude (MPa)	Phase Angle (deg)	Real (MPa)	Imaginary (MPa)
10.	4.2454e-007	89.869	9.7177e-010	4.2454e-007
10.158	4.3225e-007	89.866	1.0123e-009	4.3225e-007
10.319	4.4013e-007	89.863	1.055e-009	4.4013e-007
10.483	4.482e-007	89.859	1.0997e-009	4.482e-007
10.649	4.5645e-007	89.856	1.1468e-009	4.5645e-007
10.817	4.649e-007	89.853	1.1964e-009	4.649e-007
10.989	4.7355e-007	89.849	1.2485e-009	4.7355e-007
11.163	4.8241e-007	89.845	1.3035e-009	4.8241e-007
11.339	4.9148e-007	89.841	1.3614e-009	4.9148e-007
11.519	5.0078e-007	89.837	1.4225e-009	5.0078e-007
11.701	5.1032e-007	89.833	1.487e-009	5.1031e-007
11.887	5.2009e-007	89.829	1.5552e-009	5.2009e-007
12.075	5.3012e-007	89.824	1.6272e-009	5.3011e-007
12.266	5.404e-007	89.819	1.7034e-009	5.404e-007
12.46	5.5096e-007	89.814	1.7842e-009	5.5096e-007
12.657	5.6181e-007	89.809	1.8697e-009	5.6181e-007
12.858	5.7295e-007	89.804	1.9605e-009	5.7294e-007
13.062	5.844e-007	89.798	2.0568e-009	5.8439e-007
13.268	5.9617e-007	89.792	2.1592e-009	5.9616e-007
13.478	6.0828e-007	89.786	2.2681e-009	6.0827e-007
13.692	6.2074e-007	89.78	2.3841e-009	6.2073e-007
13.909	6.3357e-007	89.773	2.5078e-009	6.3356e-007
14.129	6.4678e-007	89.766	2.6397e-009	6.4678e-007
14.353	6.604e-007	89.759	2.7807e-009	6.604e-007
14.58	6.7445e-007	89.751	2.9315e-009	6.7445e-007
14.811	6.8895e-007	89.743	3.0929e-009	6.8894e-007
15.045	7.0392e-007	89.734	3.2661e-009	7.0391e-007
15.284	7.1938e-007	89.725	3.452e-009	7.1938e-007
15.526	7.3538e-007	89.715	3.6518e-009	7.3537e-007
15.771	7.5192e-007	89.705	3.867e-009	7.5191e-007
16.021	7.6905e-007	89.695	4.0991e-009	7.6904e-007
16.275	7.868e-007	89.683	4.3497e-009	7.8679e-007
16.533	8.0521e-007	89.671	4.6208e-009	8.052e-007
16.794	8.2432e-007	89.658	4.9145e-009	8.2431e-007
17.06	8.4418e-007	89.645	5.2333e-009	8.4416e-007
17.33	8.6482e-007	89.63	5.58e-009	8.6481e-007
17.605	8.8632e-007	89.615	5.9578e-009	8.863e-007
17.884	9.0872e-007	89.598	6.3703e-009	9.087e-007
18.167	9.3209e-007	89.581	6.8215e-009	9.3207e-007
18.455	9.565e-007	89.562	7.3163e-009	9.5648e-007
18.747	9.8204e-007	89.541	7.8602e-009	9.8201e-007
19.044	1.0088e-006	89.52	8.4594e-009	1.0087e-006
19.345	1.0368e-006	89.496	9.1213e-009	1.0368e-006
19.652	1.0663e-006	89.47	9.8545e-009	1.0662e-006
19.963	1.0973e-006	89.443	1.0669e-008	1.0972e-006
20.279	1.13e-006	89.413	1.1577e-008	1.1299e-006
20.6	1.1645e-006	89.38	1.2591e-008	1.1644e-006
20.926	1.201e-006	89.345	1.3729e-008	1.2009e-006
21.258	1.2397e-006	89.306	1.501e-008	1.2396e-006
21.594	1.2808e-006	89.264	1.6458e-008	1.2807e-006
21.936	1.3246e-006	89.217	1.8102e-008	1.3245e-006
22.283	1.3714e-006	89.165	1.9975e-008	1.3713e-006
22.636	1.4216e-006	89.108	2.2121e-008	1.4214e-006
22.995	1.4755e-006	89.045	2.4591e-008	1.4753e-006
23.359	1.5336e-006	88.974	2.7451e-008	1.5333e-006
23.729	1.5965e-006	88.895	3.0782e-008	1.5962e-006
24.104	1.6648e-006	88.806	3.4687e-008	1.6644e-006
24.486	1.7394e-006	88.705	3.9297e-008	1.739e-006
24.874	1.8213e-006	88.591	4.4783e-008	1.8207e-006
25.268	1.9115e-006	88.46	5.1367e-008	1.9108e-006
25.668	2.0117e-006	88.31	5.9346e-008	2.0109e-006
26.074	2.1237e-006	88.135	6.9116e-008	2.1226e-006
26.487	2.2498e-006	87.931	8.1225e-008	2.2483e-006
26.907	2.3931e-006	87.69	9.6435e-008	2.3911e-006
27.333	2.5575e-006	87.404	1.1584e-007	2.5548e-006
27.766	2.7483e-006	87.059	1.4103e-007	2.7447e-006
28.205	2.973e-006	86.637	1.7441e-007	2.9679e-006
28.652	3.2416e-006	86.113	2.1974e-007	3.2342e-006
29.106	3.5692e-006	85.45	2.8311e-007	3.5579e-006
29.566	3.978e-006	84.592	3.7489e-007	3.9603e-006
30.035	4.5032e-006	83.448	5.1382e-007	4.4738e-006
30.51	5.2033e-006	81.865	7.3626e-007	5.1509e-006
30.993	6.1824e-006	79.565	1.1198e-006	6.0801e-006
31.484	7.6419e-006	75.985	1.8507e-006	7.4145e-006
31.983	1.001e-005	69.839	3.4502e-006	9.3971e-006
32.489	1.4234e-005	57.657	7.6153e-006	1.2026e-005
33.004	2.1067e-005	29.682	1.8303e-005	1.0432e-005
33.526	2.1005e-005	-17.096	2.0077e-005	-6.1748e-006
34.057	1.3601e-005	-46.598	9.3455e-006	-9.8819e-006
34.596	9.0422e-006	-59.298	4.6167e-006	-7.7748e-006
35.144	6.5263e-006	-65.483	2.7082e-006	-5.9379e-006
35.701	4.992e-006	-68.876	1.799e-006	-4.6565e-006
36.266	3.9681e-006	-70.837	1.3025e-006	-3.7482e-006
36.84	3.2369e-006	-71.94	1.0035e-006	-3.0774e-006
37.424	2.6872e-006	-72.455	8.101e-007	-2.5622e-006
38.016	2.2572e-006	-72.509	6.7843e-007	-2.1528e-006
38.618	1.9098e-006	-72.153	5.8533e-007	-1.8179e-006
39.23	1.6219e-006	-71.385	5.1772e-007	-1.537e-006
39.851	1.3779e-006	-70.155	4.6777e-007	-1.2961e-006
40.482	1.1676e-006	-68.358	4.3062e-007	-1.0853e-006
41.123	9.8383e-007	-65.813	4.0309e-007	-8.9746e-007
41.774	8.2203e-007	-62.22	3.8313e-007	-7.2728e-007
42.436	6.7969e-007	-57.085	3.6934e-007	-5.7058e-007
43.108	5.568e-007	-49.604	3.6084e-007	-4.2405e-007
43.79	4.5685e-007	-38.591	3.5708e-007	-2.8497e-007
44.484	3.8836e-007	-22.883	3.578e-007	-1.5101e-007
45.188	3.6352e-007	-3.1726	3.6296e-007	-2.0118e-008
45.904	3.8856e-007	16.389	3.7277e-007	1.0964e-007
46.631	4.5601e-007	31.773	3.8767e-007	2.4012e-007
47.369	5.5327e-007	42.422	4.0842e-007	3.7323e-007
48.119	6.7181e-007	49.52	4.3613e-007	5.11e-007
48.881	8.0816e-007	54.226	4.7244e-007	6.5569e-007
49.655	9.6231e-007	57.31	5.1974e-007	8.0988e-007
50.441	1.1367e-006	59.23	5.815e-007	9.7665e-007
51.24	1.3358e-006	60.244	6.6296e-007	1.1597e-006
52.051	1.5668e-006	60.474	7.7217e-007	1.3634e-006
52.876	1.8405e-006	59.937	9.2199e-007	1.5929e-006
53.713	2.173e-006	58.54	1.1341e-006	1.8536e-006
54.564	2.5901e-006	56.037	1.447e-006	2.1482e-006
55.428	3.135e-006	51.879	1.9353e-006	2.4663e-006
56.305	3.8833e-006	44.781	2.7564e-006	2.7354e-006
57.197	4.9492e-006	31.007	4.242e-006	2.5496e-006
58.103	5.793e-006	-3.8687	5.7798e-006	-3.9086e-007
59.023	8.7168e-007	-55.523	4.9343e-007	-7.1858e-007
59.957	3.9045e-006	55.122	2.2327e-006	3.2031e-006
60.907	6.4233e-006	26.354	5.7557e-006	2.8514e-006
61.871	7.2716e-006	-1.8428	7.2679e-006	-2.3383e-007
62.851	6.6538e-006	-24.463	6.0565e-006	-2.7554e-006
63.846	5.6045e-006	-39.663	4.3144e-006	-3.5771e-006
64.857	4.6726e-006	-49.448	3.0378e-006	-3.5503e-006
65.884	3.9437e-006	-55.885	2.2118e-006	-3.265e-006
66.927	3.3818e-006	-60.256	1.6778e-006	-2.9362e-006
67.987	2.9418e-006	-63.292	1.3222e-006	-2.6279e-006
69.064	2.5892e-006	-65.413	1.0773e-006	-2.3545e-006
70.157	2.3002e-006	-66.87	9.0356e-007	-2.1153e-006
71.268	2.0581e-006	-67.81	7.7729e-007	-1.9056e-006
72.397	1.8514e-006	-68.323	6.8386e-007	-1.7204e-006
73.543	1.6719e-006	-68.453	6.1402e-007	-1.555e-006
74.708	1.5136e-006	-68.216	5.6172e-007	-1.4055e-006
75.891	1.3722e-006	-67.598	5.2297e-007	-1.2687e-006
77.093	1.2445e-006	-66.556	4.9513e-007	-1.1418e-006
78.313	1.1282e-006	-65.017	4.7648e-007	-1.0226e-006
79.553	1.0217e-006	-62.863	4.66e-007	-9.0919e-007
80.813	9.2426e-007	-59.921	4.6323e-007	-7.9979e-007
82.093	8.3621e-007	-55.951	4.682e-007	-6.9285e-007
83.393	7.5912e-007	-50.636	4.8147e-007	-5.869e-007
84.713	6.9653e-007	-43.622	5.0422e-007	-4.8053e-007
86.055	6.5466e-007	-34.673	5.384e-007	-3.7243e-007
87.417	6.4264e-007	-24.007	5.8705e-007	-2.6146e-007
88.802	6.7107e-007	-12.644	6.5479e-007	-1.4689e-007
90.208	7.4914e-007	-2.221	7.4858e-007	-2.9032e-008
91.636	8.8326e-007	5.8076	8.7872e-007	8.9376e-008
93.087	1.0788e-006	10.685	1.0601e-006	2.0002e-007
94.561	1.3418e-006	12.149	1.3118e-006	2.8239e-007
96.059	1.676e-006	10.02	1.6505e-006	2.9161e-007
97.58	2.0678e-006	4.0467	2.0626e-006	1.4592e-007
99.125	2.4569e-006	-5.8036	2.4443e-006	-2.4844e-007
100.69	2.7234e-006	-18.573	2.5816e-006	-8.6743e-007
102.29	2.7677e-006	-31.958	2.3483e-006	-1.465e-006
103.91	2.6165e-006	-43.593	1.895e-006	-1.8042e-006
105.55	2.374e-006	-52.473	1.4461e-006	-1.8827e-006
107.23	2.1186e-006	-58.735	1.0996e-006	-1.811e-006
108.92	1.8828e-006	-62.792	8.6085e-007	-1.6745e-006
110.65	1.6729e-006	-64.654	7.1615e-007	-1.5119e-006
112.4	1.5107e-006	-62.04	7.0827e-007	-1.3343e-006
114.18	1.8339e-006	-67.833	6.9194e-007	-1.6983e-006
115.99	1.4128e-006	-75.867	3.4496e-007	-1.37e-006
117.83	1.2268e-006	-75.629	3.0449e-007	-1.1884e-006
119.69	1.095e-006	-75.013	2.8316e-007	-1.0577e-006
121.59	9.8294e-007	-73.961	2.7157e-007	-9.4468e-007
123.51	8.8129e-007	-72.235	2.689e-007	-8.3927e-007
125.47	7.8622e-007	-69.466	2.7578e-007	-7.3627e-007
127.45	6.9688e-007	-65.021	2.9429e-007	-6.3169e-007
129.47	6.166e-007	-57.783	3.2873e-007	-5.2167e-007
131.52	5.5857e-007	-46.062	3.8758e-007	-4.0222e-007
133.61	5.5761e-007	-29.006	4.8767e-007	-2.7039e-007
135.72	6.761e-007	-11.143	6.6335e-007	-1.3067e-007
137.87	9.8169e-007	-1.4357	9.8139e-007	-2.4597e-008
140.05	1.5157e-006	-5.242	1.5093e-006	-1.3848e-007
142.27	2.1028e-006	-23.583	1.9272e-006	-8.413e-007
144.52	2.2178e-006	-47.16	1.508e-006	-1.6262e-006
146.81	1.944e-006	-63.541	8.6613e-007	-1.7403e-006
149.14	1.6503e-006	-72.595	4.9364e-007	-1.5747e-006
151.5	1.4229e-006	-77.598	3.056e-007	-1.3897e-006
153.9	1.2511e-006	-80.503	2.0643e-007	-1.234e-006
156.33	1.1168e-006	-82.252	1.5056e-007	-1.1066e-006
158.81	1.0071e-006	-83.304	1.1742e-007	-1.0002e-006
161.32	9.1354e-007	-83.886	9.7301e-008	-9.0835e-007
163.88	8.3062e-007	-84.094	8.5461e-008	-8.2621e-007
166.47	7.5441e-007	-83.933	7.9741e-008	-7.5019e-007
169.11	6.8363e-007	-83.31	7.9642e-008	-6.7898e-007
171.79	6.1258e-007	-83.331	7.1138e-008	-6.0844e-007
174.51	5.2567e-007	-81.248	7.9982e-008	-5.1955e-007
177.27	4.3685e-007	-76.996	9.8301e-008	-4.2565e-007
180.08	3.3689e-007	-66.845	1.3247e-007	-3.0975e-007
182.93	2.5479e-007	-36.039	2.0602e-007	-1.499e-007
185.83	4.1344e-007	13.245	4.0245e-007	9.4729e-008
188.77	1.1702e-006	17.676	1.1149e-006	3.5531e-007
191.76	2.2779e-006	-31.67	1.9386e-006	-1.1959e-006
194.8	1.6733e-006	-68.769	6.0597e-007	-1.5598e-006
197.88	1.2437e-006	-79.493	2.268e-007	-1.2229e-006
201.01	1.0188e-006	-83.474	1.158e-007	-1.0122e-006
204.2	8.7869e-007	-85.295	7.2079e-008	-8.7572e-007
207.43	7.7842e-007	-86.199	5.1598e-008	-7.7671e-007
210.72	6.9883e-007	-86.61	4.1319e-008	-6.976e-007
214.05	6.2992e-007	-86.668	3.6616e-008	-6.2885e-007
217.44	5.6508e-007	-86.353	3.5948e-008	-5.6394e-007
220.88	4.982e-007	-85.437	3.9635e-008	-4.9662e-007
224.38	4.2073e-007	-83.077	5.0712e-008	-4.1767e-007
227.94	3.1753e-007	-75.218	8.1015e-008	-3.0702e-007
231.54	2.2031e-007	-28.271	1.9403e-007	-1.0435e-007
235.21	1.1676e-006	5.1191	1.163e-006	1.0418e-007
238.94	1.2218e-006	-73.723	3.4245e-007	-1.1728e-006
242.72	8.2757e-007	-85.091	7.082e-008	-8.2453e-007
246.56	6.7685e-007	-87.636	2.7921e-008	-6.7628e-007
250.47	5.9016e-007	-88.545	1.4987e-008	-5.8997e-007
254.43	5.2751e-007	-88.935	9.8053e-009	-5.2742e-007
258.46	4.7476e-007	-89.093	7.5166e-009	-4.747e-007
262.55	4.2415e-007	-89.093	6.7144e-009	-4.241e-007
266.71	3.6795e-007	-88.885	7.1601e-009	-3.6788e-007
270.94	2.908e-007	-88.063	9.828e-009	-2.9063e-007
275.23	1.3517e-007	-80.654	2.195e-008	-1.3337e-007
279.58	1.0818e-006	69.67	3.7584e-007	1.0144e-006
284.01	8.9763e-007	-87.903	3.2852e-008	-8.9702e-007
288.51	5.9185e-007	-89.54	4.7529e-009	-5.9183e-007
293.08	4.9495e-007	-89.818	1.5697e-009	-4.9494e-007
297.72	4.4051e-007	-89.907	7.164e-010	-4.4051e-007
302.43	4.0188e-007	-89.937	4.4441e-010	-4.0188e-007
307.22	3.7081e-007	-89.963	2.3907e-010	-3.7081e-007
312.09	3.4326e-007	-89.691	1.8492e-009	-3.4326e-007
317.03	3.1843e-007	-89.958	2.3618e-010	-3.1843e-007
322.05	2.9181e-007	-89.909	4.6178e-010	-2.9181e-007
327.15	2.5891e-007	-89.69	1.4026e-009	-2.589e-007
332.33	8.7861e-007	15.139	8.4812e-007	2.2947e-007
337.59	2.8042e-007	-89.822	8.705e-010	-2.8042e-007
342.94	2.4687e-007	-89.934	2.8314e-010	-2.4687e-007
348.37	2.2313e-007	-89.992	3.2765e-011	-2.2313e-007
353.88	2.0149e-007	-89.994	1.9726e-011	-2.0149e-007
359.49	1.7962e-007	-90.	2.852e-013	-1.7962e-007
365.18	1.5437e-007	-89.963	9.8782e-011	-1.5437e-007
370.96	1.4001e-007	-21.831	1.2997e-007	-5.2064e-008
376.84	1.2953e-007	-89.151	1.9194e-009	-1.2952e-007
382.8	9.8139e-008	-89.463	9.1926e-010	-9.8135e-008
388.87	6.3767e-008	-89.328	7.4755e-010	-6.3762e-008
395.02	2.0023e-008	-84.184	2.0289e-009	-1.992e-008
401.28	5.1428e-008	84.652	4.7937e-009	5.1204e-008
407.63	2.4672e-007	84.857	2.2116e-008	2.4572e-007
414.09	1.3821e-006	-72.787	4.0902e-007	-1.3202e-006
420.64	2.5218e-007	-80.147	4.3154e-008	-2.4846e-007
427.31	1.1448e-007	-72.103	3.5182e-008	-1.0895e-007
434.07	9.3785e-008	-63.922	4.1228e-008	-8.4237e-008
440.95	1.5229e-008	-48.038	1.0183e-008	-1.1324e-008
447.93	8.5485e-008	85.065	7.3542e-009	8.5168e-008
455.02	3.0054e-007	81.908	4.2308e-008	2.9755e-007
462.23	1.9058e-006	-2.0259	1.9047e-006	-6.7373e-008
469.55	2.1305e-007	-80.043	3.684e-008	-2.0984e-007
476.98	1.2301e-008	51.549	7.6491e-009	9.633e-009
484.53	2.2701e-007	82.033	3.1463e-008	2.2482e-007
492.21	5.0293e-007	75.207	1.2841e-007	4.8626e-007
500.	3.6847e-006	-37.043	2.9411e-006	-2.2197e-006
