Frequency (Hz)	Amplitude (MPa)	Phase Angle (deg)	Real (MPa)	Imaginary (MPa)
10.	5.1287e-006	90.	-6.924e-017	5.1287e-006
10.158	5.0486e-006	90.	-7.1451e-017	5.0486e-006
10.319	4.9697e-006	90.	-7.3733e-017	4.9697e-006
10.483	4.892e-006	90.	-7.6089e-017	4.892e-006
10.649	4.8155e-006	90.	-7.8519e-017	4.8155e-006
10.817	4.7402e-006	90.	-8.1027e-017	4.7402e-006
10.989	4.6661e-006	90.	-8.3615e-017	4.6661e-006
11.163	4.5931e-006	90.	-8.6286e-017	4.5931e-006
11.339	4.5213e-006	90.	-8.9042e-017	4.5213e-006
11.519	4.4505e-006	90.	-9.1886e-017	4.4505e-006
11.701	4.3809e-006	90.	-9.4821e-017	4.3809e-006
11.887	4.3124e-006	90.	-9.7851e-017	4.3124e-006
12.075	4.2449e-006	90.	-1.0098e-016	4.2449e-006
12.266	4.1785e-006	90.	-1.042e-016	4.1785e-006
12.46	4.1131e-006	90.	-1.0753e-016	4.1131e-006
12.657	4.0487e-006	90.	-1.1097e-016	4.0487e-006
12.858	3.9853e-006	90.	-1.1451e-016	3.9853e-006
13.062	3.9229e-006	90.	-1.1817e-016	3.9229e-006
13.268	3.8615e-006	90.	-1.2195e-016	3.8615e-006
13.478	3.801e-006	90.	-1.2584e-016	3.801e-006
13.692	3.7415e-006	90.	-1.2986e-016	3.7415e-006
13.909	3.6829e-006	90.	-1.3401e-016	3.6829e-006
14.129	3.6252e-006	90.	-1.383e-016	3.6252e-006
14.353	3.5683e-006	90.	-1.4272e-016	3.5683e-006
14.58	3.5124e-006	90.	-1.4728e-016	3.5124e-006
14.811	3.4574e-006	90.	-1.5198e-016	3.4574e-006
15.045	3.4031e-006	90.	-1.5684e-016	3.4031e-006
15.284	3.3498e-006	90.	-1.6185e-016	3.3498e-006
15.526	3.2972e-006	90.	-1.6703e-016	3.2972e-006
15.771	3.2455e-006	90.	-1.7236e-016	3.2455e-006
16.021	3.1946e-006	90.	-1.7787e-016	3.1946e-006
16.275	3.1444e-006	90.	-1.8356e-016	3.1444e-006
16.533	3.0951e-006	90.	-1.8943e-016	3.0951e-006
16.794	3.0465e-006	90.	-1.9548e-016	3.0465e-006
17.06	2.9986e-006	90.	-2.0173e-016	2.9986e-006
17.33	2.9515e-006	90.	-2.0818e-016	2.9515e-006
17.605	2.9051e-006	90.	-2.1484e-016	2.9051e-006
17.884	2.8595e-006	90.	-2.2171e-016	2.8595e-006
18.167	2.8145e-006	90.	-2.288e-016	2.8145e-006
18.455	2.7703e-006	90.	-2.3612e-016	2.7703e-006
18.747	2.7267e-006	90.	-2.4367e-016	2.7267e-006
19.044	2.6838e-006	90.	-2.5146e-016	2.6838e-006
19.345	2.6415e-006	90.	-2.595e-016	2.6415e-006
19.652	2.6e-006	90.	-2.6781e-016	2.6e-006
19.963	2.559e-006	90.	-2.7637e-016	2.559e-006
20.279	2.5187e-006	90.	-2.8521e-016	2.5187e-006
20.6	2.479e-006	90.	-2.9434e-016	2.479e-006
20.926	2.4399e-006	90.	-3.0376e-016	2.4399e-006
21.258	2.4014e-006	90.	-3.1348e-016	2.4014e-006
21.594	2.3635e-006	90.	-3.2351e-016	2.3635e-006
21.936	2.3262e-006	90.	-3.3386e-016	2.3262e-006
22.283	2.2895e-006	90.	-3.4455e-016	2.2895e-006
22.636	2.2533e-006	90.	-3.5558e-016	2.2533e-006
22.995	2.2177e-006	90.	-3.6696e-016	2.2177e-006
23.359	2.1827e-006	90.	-3.7871e-016	2.1827e-006
23.729	2.1481e-006	90.	-3.9083e-016	2.1481e-006
24.104	2.1142e-006	90.	-4.0335e-016	2.1142e-006
24.486	2.0807e-006	90.	-4.1627e-016	2.0807e-006
24.874	2.0477e-006	90.	-4.296e-016	2.0477e-006
25.268	2.0153e-006	90.	-4.4336e-016	2.0153e-006
25.668	1.9833e-006	90.	-4.5756e-016	1.9833e-006
26.074	1.9519e-006	90.	-4.7222e-016	1.9519e-006
26.487	1.9209e-006	90.	-4.8735e-016	1.9209e-006
26.907	1.8904e-006	90.	-5.0297e-016	1.8904e-006
27.333	1.8603e-006	90.	-5.1909e-016	1.8603e-006
27.766	1.8307e-006	90.	-5.3573e-016	1.8307e-006
28.205	1.8016e-006	90.	-5.529e-016	1.8016e-006
28.652	1.7729e-006	90.	-5.7063e-016	1.7729e-006
29.106	1.7447e-006	90.	-5.8893e-016	1.7447e-006
29.566	1.7168e-006	90.	-6.0782e-016	1.7168e-006
30.035	1.6895e-006	90.	-6.2731e-016	1.6895e-006
30.51	1.6625e-006	90.	-6.4744e-016	1.6625e-006
30.993	1.6359e-006	90.	-6.6821e-016	1.6359e-006
31.484	1.6097e-006	90.	-6.8966e-016	1.6097e-006
31.983	1.584e-006	90.	-7.118e-016	1.584e-006
32.489	1.5586e-006	90.	-7.3465e-016	1.5586e-006
33.004	1.5336e-006	90.	-7.5824e-016	1.5336e-006
33.526	1.509e-006	90.	-7.8259e-016	1.509e-006
34.057	1.4847e-006	90.	-8.0773e-016	1.4847e-006
34.596	1.4609e-006	90.	-8.3368e-016	1.4609e-006
35.144	1.4374e-006	90.	-8.6047e-016	1.4374e-006
35.701	1.4142e-006	90.	-8.8813e-016	1.4142e-006
36.266	1.3914e-006	90.	-9.1668e-016	1.3914e-006
36.84	1.3689e-006	90.	-9.4616e-016	1.3689e-006
37.424	1.3468e-006	90.	-9.7659e-016	1.3468e-006
38.016	1.325e-006	90.	-1.008e-015	1.325e-006
38.618	1.3035e-006	90.	-1.0405e-015	1.3035e-006
39.23	1.2824e-006	90.	-1.0739e-015	1.2824e-006
39.851	1.2615e-006	90.	-1.1085e-015	1.2615e-006
40.482	1.241e-006	90.	-1.1442e-015	1.241e-006
41.123	1.2208e-006	90.	-1.1811e-015	1.2208e-006
41.774	1.2009e-006	90.	-1.2191e-015	1.2009e-006
42.436	1.1813e-006	90.	-1.2585e-015	1.1813e-006
43.108	1.1619e-006	90.	-1.299e-015	1.1619e-006
43.79	1.1429e-006	90.	-1.3409e-015	1.1429e-006
44.484	1.1241e-006	90.	-1.3842e-015	1.1241e-006
45.188	1.1057e-006	90.	-1.4289e-015	1.1057e-006
45.904	1.0875e-006	90.	-1.475e-015	1.0875e-006
46.631	1.0695e-006	90.	-1.5227e-015	1.0695e-006
47.369	1.0518e-006	90.	-1.5719e-015	1.0518e-006
48.119	1.0344e-006	90.	-1.6227e-015	1.0344e-006
48.881	1.0173e-006	90.	-1.6752e-015	1.0173e-006
49.655	1.0003e-006	90.	-1.7294e-015	1.0003e-006
50.441	9.8368e-007	90.	-1.7854e-015	9.8368e-007
51.24	9.6726e-007	90.	-1.8432e-015	9.6726e-007
52.051	9.5107e-007	90.	-1.9029e-015	9.5107e-007
52.876	9.3512e-007	90.	-1.9646e-015	9.3512e-007
53.713	9.194e-007	90.	-2.0283e-015	9.194e-007
54.564	9.039e-007	90.	-2.0941e-015	9.039e-007
55.428	8.8863e-007	90.	-2.1621e-015	8.8863e-007
56.305	8.7358e-007	90.	-2.2323e-015	8.7358e-007
57.197	8.5874e-007	90.	-2.3049e-015	8.5874e-007
58.103	8.4411e-007	90.	-2.3799e-015	8.4411e-007
59.023	8.2969e-007	90.	-2.4573e-015	8.2969e-007
59.957	8.1548e-007	90.	-2.5373e-015	8.1548e-007
60.907	8.0146e-007	90.	-2.62e-015	8.0146e-007
61.871	7.8765e-007	90.	-2.7054e-015	7.8765e-007
62.851	7.7402e-007	90.	-2.7937e-015	7.7402e-007
63.846	7.6059e-007	90.	-2.8849e-015	7.6059e-007
64.857	7.4734e-007	90.	-2.9792e-015	7.4734e-007
65.884	7.3427e-007	90.	-3.0767e-015	7.3427e-007
66.927	7.2139e-007	90.	-3.1774e-015	7.2139e-007
67.987	7.0868e-007	90.	-3.2814e-015	7.0868e-007
69.064	6.9615e-007	90.	-3.389e-015	6.9615e-007
70.157	6.8379e-007	90.	-3.5002e-015	6.8379e-007
71.268	6.7159e-007	90.	-3.6152e-015	6.7159e-007
72.397	6.5956e-007	90.	-3.7341e-015	6.5956e-007
73.543	6.4769e-007	90.	-3.8569e-015	6.4769e-007
74.708	6.3598e-007	90.	-3.984e-015	6.3598e-007
75.891	6.2442e-007	90.	-4.1154e-015	6.2442e-007
77.093	6.1302e-007	90.	-4.2513e-015	6.1302e-007
78.313	6.0176e-007	90.	-4.3918e-015	6.0176e-007
79.553	5.9066e-007	90.	-4.5371e-015	5.9066e-007
80.813	5.7969e-007	90.	-4.6874e-015	5.7969e-007
82.093	5.6887e-007	90.	-4.8429e-015	5.6887e-007
83.393	5.5818e-007	90.	-5.0038e-015	5.5818e-007
84.713	5.4763e-007	90.	-5.1702e-015	5.4763e-007
86.055	5.3722e-007	90.	-5.3424e-015	5.3722e-007
87.417	5.2693e-007	90.	-5.5206e-015	5.2693e-007
88.802	5.1677e-007	90.	-5.7051e-015	5.1677e-007
90.208	5.0674e-007	90.	-5.896e-015	5.0674e-007
91.636	4.9682e-007	90.	-6.0936e-015	4.9682e-007
93.087	4.8703e-007	90.	-6.2982e-015	4.8703e-007
94.561	4.7735e-007	90.	-6.51e-015	4.7735e-007
96.059	4.6779e-007	90.	-6.7293e-015	4.6779e-007
97.58	4.5834e-007	90.	-6.9565e-015	4.5834e-007
99.125	4.49e-007	90.	-7.1918e-015	4.49e-007
100.69	4.3977e-007	90.	-7.4355e-015	4.3977e-007
102.29	4.3063e-007	90.	-7.6881e-015	4.3063e-007
103.91	4.2161e-007	90.	-7.9498e-015	4.2161e-007
105.55	4.1268e-007	90.	-8.2211e-015	4.1268e-007
107.23	4.0384e-007	90.	-8.5022e-015	4.0384e-007
108.92	3.951e-007	90.	-8.7937e-015	3.951e-007
110.65	3.8646e-007	90.	-9.096e-015	3.8646e-007
112.4	3.779e-007	90.	-9.4096e-015	3.779e-007
114.18	3.6943e-007	90.	-9.7348e-015	3.6943e-007
115.99	3.6104e-007	90.	-1.0072e-014	3.6104e-007
117.83	3.5274e-007	90.	-1.0421e-014	3.5274e-007
119.69	3.4451e-007	90.	-1.0786e-014	3.4451e-007
121.59	3.3636e-007	90.	-1.1164e-014	3.3636e-007
123.51	3.2829e-007	90.	-1.1556e-014	3.2829e-007
125.47	3.2028e-007	90.	-1.1963e-014	3.2028e-007
127.45	3.1235e-007	90.	-1.2387e-014	3.1235e-007
129.47	3.0449e-007	90.	-1.2827e-014	3.0449e-007
131.52	2.9668e-007	90.	-1.3285e-014	2.9668e-007
133.61	2.8894e-007	90.	-1.3761e-014	2.8894e-007
135.72	2.8126e-007	90.	-1.4256e-014	2.8126e-007
137.87	2.7364e-007	90.	-1.4772e-014	2.7364e-007
140.05	2.6607e-007	90.	-1.531e-014	2.6607e-007
142.27	2.5855e-007	90.	-1.587e-014	2.5855e-007
144.52	2.5107e-007	90.	-1.6453e-014	2.5107e-007
146.81	2.4365e-007	90.	-1.7062e-014	2.4365e-007
149.14	2.3626e-007	90.	-1.7697e-014	2.3626e-007
151.5	2.2892e-007	90.	-1.8361e-014	2.2892e-007
153.9	2.2161e-007	90.	-1.9054e-014	2.2161e-007
156.33	2.1433e-007	90.	-1.9779e-014	2.1433e-007
158.81	2.0708e-007	90.	-2.0538e-014	2.0708e-007
161.32	1.9986e-007	90.	-2.1332e-014	1.9986e-007
163.88	1.9266e-007	90.	-2.2165e-014	1.9266e-007
166.47	1.8548e-007	90.	-2.3039e-014	1.8548e-007
169.11	1.7831e-007	90.	-2.3958e-014	1.7831e-007
171.79	1.7115e-007	90.	-2.4923e-014	1.7115e-007
174.51	1.64e-007	90.	-2.594e-014	1.64e-007
177.27	1.5684e-007	90.	-2.7013e-014	1.5684e-007
180.08	1.4968e-007	90.	-2.8146e-014	1.4968e-007
182.93	1.4251e-007	90.	-2.9346e-014	1.4251e-007
185.83	1.3533e-007	90.	-3.0618e-014	1.3533e-007
188.77	1.2812e-007	90.	-3.197e-014	1.2812e-007
191.76	1.2087e-007	90.	-3.3412e-014	1.2087e-007
194.8	1.1359e-007	90.	-3.4953e-014	1.1359e-007
197.88	1.0625e-007	90.	-3.6607e-014	1.0625e-007
201.01	9.8855e-008	90.	-3.8389e-014	9.8855e-008
204.2	9.1384e-008	90.	-4.0317e-014	9.1384e-008
207.43	8.3822e-008	90.	-4.2416e-014	8.3822e-008
210.72	7.6154e-008	90.	-4.4716e-014	7.6154e-008
214.05	6.8357e-008	90.	-4.7253e-014	6.8357e-008
217.44	6.0405e-008	90.	-5.008e-014	6.0405e-008
220.88	5.2267e-008	90.	-5.3263e-014	5.2267e-008
224.38	4.3901e-008	90.	-5.6893e-014	4.3901e-008
227.94	3.5257e-008	90.	-6.1099e-014	3.5257e-008
231.54	2.6264e-008	90.	-6.6066e-014	2.6264e-008
235.21	1.6828e-008	90.	-7.2068e-014	1.6828e-008
238.94	6.8186e-009	90.001	-7.9532e-014	6.8186e-009
242.72	3.9565e-009	-90.001	-8.9146e-014	-3.9565e-009
246.56	1.579e-008	-90.	-1.0209e-013	-1.579e-008
250.47	2.9151e-008	-90.	-1.2051e-013	-2.9151e-008
254.43	4.4852e-008	-90.	-1.4873e-013	-4.4852e-008
258.46	6.4433e-008	-90.	-1.9642e-013	-6.4433e-008
262.55	9.1231e-008	-90.	-2.8952e-013	-9.1231e-008
266.71	1.3402e-007	-90.	-5.1541e-013	-1.3402e-007
270.94	2.2635e-007	-90.	-1.3671e-012	-2.2635e-007
275.23	7.1715e-007	-90.001	-1.4655e-011	-7.1715e-007
279.58	4.7097e-007	90.001	-8.0272e-012	4.7097e-007
284.01	1.403e-007	90.	-1.1423e-012	1.403e-007
288.51	5.9931e-008	90.	-4.8304e-013	5.9931e-008
293.08	1.968e-008	90.001	-2.9667e-013	1.968e-008
297.72	6.8975e-009	-90.002	-2.2137e-013	-6.8975e-009
302.43	2.7288e-008	-90.	-1.8551e-013	-2.7288e-008
307.22	4.4438e-008	-90.	-1.6732e-013	-4.4438e-008
312.09	5.9751e-008	-90.	-1.5835e-013	-5.9751e-008
317.03	7.399e-008	-90.	-1.5483e-013	-7.399e-008
322.05	8.7615e-008	-90.	-1.5486e-013	-8.7615e-008
327.15	1.0093e-007	-90.	-1.5745e-013	-1.0093e-007
332.33	1.1414e-007	-90.	-1.6204e-013	-1.1414e-007
337.59	1.2741e-007	-90.	-1.6836e-013	-1.2741e-007
342.94	1.4088e-007	-90.	-1.7627e-013	-1.4088e-007
348.37	1.5466e-007	-90.	-1.8574e-013	-1.5466e-007
353.88	1.6888e-007	-90.	-1.9686e-013	-1.6888e-007
359.49	1.8365e-007	-90.	-2.0974e-013	-1.8365e-007
365.18	1.9907e-007	-90.	-2.246e-013	-1.9907e-007
370.96	2.153e-007	-90.	-2.4175e-013	-2.153e-007
376.84	2.3249e-007	-90.	-2.6159e-013	-2.3249e-007
382.8	2.508e-007	-90.	-2.8464e-013	-2.508e-007
388.87	2.7046e-007	-90.	-3.1162e-013	-2.7046e-007
395.02	2.9174e-007	-90.	-3.4349e-013	-2.9174e-007
401.28	3.1496e-007	-90.	-3.8156e-013	-3.1496e-007
407.63	3.4055e-007	-90.	-4.2766e-013	-3.4055e-007
414.09	3.6906e-007	-90.	-4.8448e-013	-3.6906e-007
420.64	4.0126e-007	-90.	-5.5561e-013	-4.0126e-007
427.31	4.3818e-007	-90.	-6.4708e-013	-4.3818e-007
434.07	4.8132e-007	-90.	-7.681e-013	-4.8132e-007
440.95	5.3291e-007	-90.	-9.3403e-013	-5.3291e-007
447.93	5.9645e-007	-90.	-1.1721e-012	-5.9645e-007
455.02	6.7779e-007	-90.	-1.5346e-012	-6.7779e-007
462.23	7.8753e-007	-90.	-2.1324e-012	-7.8753e-007
469.55	9.4719e-007	-90.	-3.2372e-012	-9.4719e-007
476.98	1.2083e-006	-90.	-5.6724e-012	-1.2083e-006
484.53	1.7337e-006	-90.	-1.3017e-011	-1.7337e-006
492.21	3.4528e-006	-90.001	-6.0367e-011	-3.4528e-006
500.	1.7188e-005	90.006	-1.8713e-009	1.7188e-005
